1998667810
1998677184
1998739173
1998887271
1998915528
1998915734
1998922892
1998950073
1998952477
1998980671
1999050539
1999056718
1999079562
1999258976
1999263105
1999307169
1999375402
2234308065
2234309419
2234328717
2234329354
2234330091
2234330604
2234330839
2234331046
2234331136
2234331470
2234331565
2234332088
2234332584
2234332639
2234332830
2234333064
2234333291
2234335067
2265941363
2273376950
2430148041
2430391915
2430536906
2430560567
2452240171
2452243672
2512754491
2512767893
2512775099
2512822233
2512865335
2512866452
2514099464
2514966053
2515123578
2515352603
2515436248
2515493583
2515500059
2515502332
2516925454
2517114190
2517362078
2517371118
2517603142
2573009412
2573010090
2573011203
2573012427
2573060735
2573072017
2573081214
2573092565
2573101872
2573113018
2573130244
2573522772
2859080865
2859081863
2859081864
2859082858
2859086857
2859098605
2859338849
2859358581
2859370848
2992909301
3331193053
3331193610
3331194244
3331201163
3341236048
3341236054
3341236068
3341236082
3344481238
3344481309
3344498475
3357379668
3357379777
3357380441
3357380464
3357425421
3469838026
3496963329
3496963488
3709848146
3710072566
3744690045
3744713784
3744713800
3820608929
3855559246
3865092210
3865092213
3865092215
3865092216
3865092217
3865093275
3865094233
3865094236
3865094237
3865096290
3865096291
3865096292
3865096296
3865097237
3865097241
3865097249
3865101235
3865104313
3865107322
3865108371
3865108376
3865108379
3865109354
3865109360
3865109362
3865109363
3865362256
3865362269
3865363247
3865363250
3865363256
3865364294
3865368299
3865373304
3865374367
3865374371
3865374378
3865375336
3865375337
3865375340
3865375346
3865376379
3865376384
3865376390
3865376391
3865376392
3865377303
3865377308
3865378415
3865378416
3865379348
3865379350
3865379352
3865380400
3865380401
3865380402
3865380406
3897880442
3897880503
3897880546
3897880621
3897880633
3897880637
3897880694
3897880704
3897880710
3897880727
3897880729
3897880737
3897881458
3897882330
3897882331
3897882364
3897882368
3897882380
3925803524
3969592829
3969683961
3969778961
3969795110
3969795114
3969864030
3969864032
3970668672
4067794449
4067794451
4075454234
4075454267
4075454272
4075454345
4081344396
4081344406
4088570122
4088570154
4092881462
4101885505
4101885510
4102035534
4102367470
4851194746
4851194916
4872674697
5067911285
5067912299
5067912783
5067915325
5067923814
5067924809
5067924813
5067925814
5067925816
5067926809
5067926812
5067926814
5067926816
5067927814
5068043248
5068482902
5068491429
5070543332
5070653848
5070849634
5070880494
5070880496
5070880499
5070880620
5103853160
5103867451
5103880296
5103889470
5103889547
5103891139
5103891696
5106272801
5106279022
5900701147
894984579
CDA-0047964
SML_1998789260
SML_1999165525
SML_1999235118
SML_1999287812
SML_1999417063
SML_5074461240
SML_5198218870
