image,Bud Cluster,Flower,Fruit
3496963335,2,18,12
SML_1999221539,0,16,41
1999156057,3,6,18
3865374374,2,8,11
SML_1998603327,1,1,0
1999333260,1,10,13
2452242382,0,5,2
2573012273,1,1,24
4912015636,2,6,23
2234332017,0,10,8
2573119618,5,8,29
3357380332,2,20,51
2992913308,0,6,9
1999166727,0,2,9
2418002574,0,2,13
4910082168,1,8,31
4075454248,1,1,10
5067996454,0,10,3
SML_5068043242,4,10,27
2234332105,4,11,6
5068491421,2,2,1
3341236048,0,0,6
3406827743,0,16,31
3865104316,0,5,15
3865368300,0,4,9
2234330991,3,8,35
5103904642,3,2,3
5103880435,2,11,15
2430325132,2,6,6
3710044656,5,7,22
CDA-0047966,1,16,34
1998606348,1,3,7
2430559176,1,5,9
3710068555,8,6,13
2989939290,0,1,11
2234331400,0,9,38
5067912783,0,0,1
5067925809,1,2,5
SML_1998929009,2,3,7
5070880623,1,4,29
3357380373,12,22,0
CDA-0012316,0,11,4
3744713760,1,12,13
3897880617,3,5,3
2573088856,2,3,13
CDA-0016210,0,4,16
2234331046,1,0,7
SML_1999221651,2,21,13
2234330657,5,12,17
3855484356,9,5,16
5068043255,3,13,27
2234330483,2,1,33
3744713808,0,6,1
3865108374,0,1,1
2430434509,1,19,30
3865362259,1,9,19
4067794452,6,1,7
5067941420,0,9,40
1999066003,0,12,43
2514966053,0,0,7
3865109359,0,3,14
3865096298,0,6,5
5072730532,5,12,23
5103889439,9,8,22
5103889593,1,2,50
3897882368,0,0,22
3091277542,4,9,2
3820615030,1,4,12
3357380426,0,4,13
2859094617,1,11,10
3970668672,1,0,34
1998926105,1,6,21
2430546606,2,1,4
3865377309,0,3,1
CDA-0030836,0,8,67
3897880545,5,14,29
5103612993,1,3,29
5067940421,4,7,12
3897880729,1,0,5
4075454272,0,0,12
4101881489,0,1,13
2430530468,4,8,26
3357379668,2,0,1
3969864035,0,1,27
3865379340,3,7,1
5068501414,0,11,33
1998551301,0,3,0
3091277581,0,11,2
3820737976,4,10,10
3865362263,2,3,0
4436954095,1,7,7
77919,2,8,24
5103824047,2,4,0
3897882352,0,4,13
2234309107,0,5,9
5072892614,2,5,10
2234331494,4,8,9
2573522189,1,7,17
5103889546,3,8,25
5833124723,1,2,1
3357379691,2,6,1
3865109363,0,0,0
4101886531,2,9,26
3865097237,0,0,2
4872674694,3,25,24
3357383420,0,3,11
4075454233,2,2,20
2452343409,7,9,8
1998961162,7,14,4
2516955410,4,6,20
4015893363,1,14,37
SML_1999087187,0,7,19
CDA-0043773,2,3,0
5106241854,4,9,7
2234332332,4,10,22
1999012358,2,2,2
2234331908,4,5,2
3897882372,0,3,14
4075454244,3,1,2
3865378422,2,2,19
3865374378,0,0,8
SML_5198174852,1,2,25
3344481241,0,3,2
4067794448,2,4,44
2573009258,0,13,21
2430431896,0,6,9
5074461244,5,2,4
3496963417,2,17,6
5106272375,2,8,12
1998900001,0,3,19
3865101231,0,2,3
4102218534,4,5,7
5067925813,1,5,37
3969778966,0,1,4
5070543301,1,20,36
3357380410,3,4,12
3969795116,0,1,7
1998985206,4,5,12
4010710685,0,1,8
5103891117,0,2,7
5067926815,5,13,6
3969593863,1,9,17
2859112611,1,3,8
2452240171,0,0,12
5070845109,0,9,6
3707766885,2,4,1
3855480749,1,5,15
3820607955,1,12,53
3091204934,3,7,3
5070543317,0,2,4
2234331733,0,1,46
2430455554,1,3,0
2430287328,0,2,26
5103891681,4,4,24
3865096294,0,2,8
3865109355,1,2,10
SML_1999035968,4,5,18
3865375343,0,11,30
3820613941,1,17,0
3897882364,2,0,7
2512865335,0,0,6
3865108378,0,5,2
1998739118,4,11,18
2234329354,0,0,20
3865374381,0,14,37
3865362255,0,9,20
2573113018,2,0,29
2234331965,6,5,20
3820611004,6,9,3
3969595098,3,12,16
3897880637,0,0,5
3865377305,1,6,7
3865107330,1,9,14
5028857010,1,16,19
4081344406,0,0,12
4912308175,7,9,3
2234332830,0,0,3
3865104320,0,2,3
5067927814,0,0,18
3709838781,4,14,24
3865093281,0,4,15
3744712413,0,1,3
75601,2,5,2
2517603142,0,0,9
3865363254,0,5,22
3865378418,0,4,21
3865092214,0,3,24
1998844103,3,10,12
SML_5198194850,5,14,23
2270488411,4,3,36
CDA-0043944,0,7,29
4912153302,4,7,17
3865376390,0,0,2
5103853160,0,0,7
4912304551,0,5,15
3344481294,2,2,4
3897880733,0,2,10
2573485884,3,28,15
4101881493,4,4,8
5106284962,7,10,26
2234334360,2,5,5
3709808233,3,15,9
3865376386,1,5,12
3344414990,0,5,11
2452255488,0,3,28
5067923816,1,1,0
CDA-0007749,1,21,3
1998952570,1,8,21
2573128020,1,9,31
3969592823,1,11,8
2430531849,0,6,52
3865380397,1,9,4
5070880496,0,0,0
2234331565,1,0,26
3897880621,0,0,21
3865107326,1,4,9
3969593859,0,3,24
1999102041,0,7,19
5067924812,0,3,40
5103560421,3,36,24
SML_1999334642,1,2,0
3855563086,1,4,7
2859111284,6,6,1
5070880615,3,1,2
3865380401,0,0,1
3865093278,1,3,7
4872674677,0,3,7
3820739876,0,8,8
3406827763,0,2,13
3341236068,1,0,7
5070543287,2,14,33
5068489031,10,9,0
2234331709,3,2,3
4081344411,0,1,6
1999174916,0,5,11
1999179277,1,7,26
3865380400,0,0,13
3865093279,0,1,15
2417965559,3,4,22
2234331358,4,15,22
3865380396,0,4,6
5103880382,4,6,0
2234333109,4,11,18
3707724321,2,11,55
3865107327,0,3,15
3969593858,3,17,0
5067924813,0,0,17
1999284994,0,1,0
SML_3978711058,1,9,20
3865376387,0,1,4
77914,1,5,0
3344414991,2,1,0
2234306139,0,3,20
2430315458,6,17,19
3925803542,2,3,41
5067923817,1,2,25
4912304546,0,6,8
5159149277,0,2,22
2234331476,5,5,4
4101881492,1,2,4
3897880698,4,4,6
2573111823,4,9,2
1999023428,3,7,4
1999121448,0,6,10
2430415275,2,5,3
3865376391,0,0,10
4912304550,3,22,14
3357380493,1,4,31
2859369854,1,5,6
2573074641,1,1,18
1998755097,0,5,7
3865363255,0,2,11
3865378419,1,2,1
3865092215,0,0,0
SML_5198194851,0,3,36
3496963494,2,3,0
5068482902,0,0,1
2989911333,0,5,7
3331201163,0,0,0
4081344407,1,6,5
2573076914,2,1,15
SML_4006241339,0,1,20
5106276862,4,8,64
5103839793,3,6,0
5103868289,5,5,19
3865104321,2,5,7
4101879464,5,1,10
5067927815,3,10,46
3865093280,0,1,9
3855559246,0,0,9
3709845930,2,4,13
SML_3915845386,1,4,6
SML_3978746654,0,3,12
1998693494,0,1,22
SML_5198224849,3,17,15
5072730544,7,17,14
SML_1998838737,0,4,12
2430551064,0,5,33
3357379777,0,0,35
3969595099,2,5,17
2413153694,2,6,8
5103891090,2,10,1
3865377304,0,8,7
2573011203,0,0,4
3865108379,0,0,2
3344481313,3,11,5
2234330877,0,6,45
3744713805,0,11,38
2512855501,1,7,11
3865374380,1,3,34
3865109354,1,0,2
3865096295,1,13,28
5068501435,1,16,30
5074461204,3,3,1
3865375342,1,5,12
1999430450,1,3,3
2234329990,2,14,55
3709959759,6,20,14
2859096125,3,10,7
3709935706,2,8,15
3865364292,0,2,0
2430158391,5,19,15
2234331362,2,2,13
SML_1999421493,2,18,16
1998887271,0,0,17
2242400589,3,7,0
2573011385,0,1,18
5067926814,3,0,4
3969593862,0,4,5
2234332688,2,15,40
3897882332,0,2,37
5103891696,0,0,24
3897880460,0,2,13
1998686585,1,9,17
2234585224,0,1,31
4102218535,4,1,1
5067925812,4,8,12
5070543300,3,12,28
1998590111,2,7,13
3820745015,2,19,18
4851194916,0,0,30
2430148041,3,0,0
5103891100,0,13,50
3496963416,1,16,10
5937677303,2,5,10
4851299367,2,8,8
1998634721,6,18,3
3357380387,1,3,17
3865101230,1,5,25
2234330162,4,6,7
3865374379,0,9,4
3897880437,4,5,4
1999245273,1,3,32
2989941281,2,24,19
3344481305,0,6,23
1999261686,6,2,6
2234332919,2,1,14
3865097241,0,0,13
4067794449,4,0,37
2859081863,1,0,1
5068482938,2,5,10
2234332333,5,6,7
3897882373,3,5,0
2430139010,0,7,13
4601577270,1,4,9
3865378423,3,2,0
4912314643,1,2,60
3865093275,0,0,10
2859358581,2,0,41
1999060338,0,6,11
2512846209,0,3,31
5070880618,0,1,2
3925803519,6,12,28
2234331354,1,1,14
2234332578,4,13,12
3341236065,0,1,22
5070543320,2,12,10
3897880694,8,0,19
3897882353,0,14,1
4134266499,1,4,1
4092881445,0,4,7
2430174509,3,9,16
5103889547,0,0,9
2430130354,0,5,9
2430203932,0,5,15
3865109362,0,0,0
1999148571,0,8,28
2234331246,1,6,2
3865362262,2,4,13
3798074545,4,7,21
3357380466,2,18,32
2573009412,2,0,7
51063638087,6,22,22
3344481325,3,16,5
2430540907,2,10,7
3897880728,1,1,3
3865378415,0,0,6
4101881488,0,2,2
5889171835,3,10,7
2573085208,2,3,0
5106243448,3,2,0
3969864034,0,3,0
2512862347,1,2,10
2234331250,1,12,2
3925803558,5,10,1
1998976464,4,6,3
3344481299,2,14,9
2234332539,3,1,1
YOSE225087,1,2,3
1999157503,5,14,15
2430082816,1,8,26
3820734926,2,7,9
1998828278,0,3,20
3865377308,0,0,13
5067924809,1,0,5
2430390468,3,26,32
3710040784,6,2,56
4856038261,0,15,40
2234307765,5,12,9
5900701147,0,0,24
894984579,1,0,30
4912308178,5,14,17
3969780972,0,19,13
5072730533,16,9,4
3865109358,0,1,4
2512771806,4,6,33
3829914342,0,7,19
3091277543,0,23,55
3897880704,0,0,0
3865108375,0,6,25
2565965269,0,4,10
3695177067,0,4,2
4067794453,1,2,12
2430071957,1,23,24
2234334300,3,6,4
5081485331,0,6,9
CDA-0016211,0,2,41
3091277514,0,3,24
1998820234,0,8,20
3400897306,0,11,28
2992927302,1,1,14
2573523062,0,2,2
2234331694,1,3,29
2430251413,0,13,12
5103533218,1,3,14
2512815201,5,13,23
5106272801,0,0,18
1998838468,1,1,6
2430172263,3,12,24
2430221992,0,10,27
2517362078,0,0,10
2573520967,0,12,30
5074461249,1,3,3
3744713798,0,1,8
4912151099,2,9,28
2234308015,3,22,10
3865104317,1,2,27
5070654920,2,1,1
3344427785,0,8,20
SML_5068043243,1,4,0
3344481309,0,0,24
3865374375,4,3,16
5106272840,4,7,17
2430340346,0,6,6
4092881462,0,0,4
4075454242,0,9,21
3865378424,1,8,56
1998874970,0,1,11
1998721168,0,5,22
5070543350,6,19,34
2573115324,2,3,5
5106271621,1,3,1
2859081864,0,0,14
1999367088,0,3,9
3357380441,2,0,22
3865097246,1,6,12
3344481247,4,3,2
3709901927,1,15,33
2573010090,0,0,1
2430423842,1,16,22
5067925815,2,1,7
4101879459,3,1,5
4102218532,5,8,1
3969778960,0,6,8
SML_5198215850,4,8,10
3091277620,2,13,28
3969795110,0,0,8
2430274255,1,4,24
3820606968,3,7,12
3357380416,0,3,0
2573131006,3,1,5
5067926813,0,2,72
1999119261,2,8,50
3897882335,1,6,25
2430276442,0,11,28
SML_3395815342,1,1,0
3865364295,2,9,12
2430165112,1,4,19
3341236054,1,0,17
2234330574,1,5,40
3865375345,0,10,13
3865096292,0,0,3
2859393230,1,10,3
4102367465,3,5,35
3865094240,1,1,5
2430344256,9,11,9
2859334853,1,4,7
3865374368,1,1,11
SML_1999393230,1,11,0
3344481314,4,4,0
SML_1999287812,0,0,7
3496963329,0,0,20
1998973354,2,1,32
4067794458,3,8,18
1998785598,0,2,15
5068491368,2,5,7
4912144300,0,11,3
4081344396,1,0,0
2512845204,6,20,65
4912151102,1,15,36
3865377303,0,0,7
5072730543,4,13,6
5068491387,0,1,3
1998620860,0,4,24
4433286380,0,9,6
3969684009,2,8,35
2859370849,0,3,14
1998563807,2,5,20
5067927812,0,1,27
4101879463,2,3,0
5070543297,1,12,2
2430282550,0,5,49
3865363252,1,10,30
3865092212,0,1,46
2413154044,0,24,45
2859369853,2,7,38
2234331871,0,3,25
3496963493,1,20,32
4092881458,2,7,42
4601577308,2,17,9
1998669622,2,9,13
3469883049,4,10,44
2514100465,0,7,36
SML_5198176853,1,1,1
2573059704,0,2,3
4912153304,4,9,16
3865376379,0,0,0
2859080865,1,0,25
2859082858,0,0,7
3469834016,2,4,0
3865363244,2,2,11
1998581510,5,8,6
2859098106,3,5,16
2430512155,1,9,26
4134266538,0,6,8
CDA-0003833,1,9,30
3969864029,2,11,14
3865373301,1,2,6
2270499210,2,6,19
2273376950,1,0,39
2234332031,2,6,13
3865362269,0,0,4
77913,0,5,1
3865376380,0,2,39
2234308065,0,0,20
3969592825,0,5,1
3469889147,4,5,6
3357380482,0,1,31
2430230536,2,4,37
5067923810,0,1,41
2859088852,0,2,16
2861418301,3,11,30
5067938421,0,12,27
1999331105,4,18,32
4102209476,3,3,20
1999127759,4,7,13
3820607986,1,5,12
5067924814,6,10,8
3744713750,0,3,3
5070880613,1,3,11
2573521081,3,1,11
3925803512,0,8,1
4433286379,5,15,32
1998739173,3,0,36
3865374372,0,6,38
2234330539,0,4,0
5067942420,10,2,4
SML_1998965389,2,7,8
3897882401,0,6,10
2430415244,0,7,3
5106272847,2,2,8
4910126193,1,3,34
3897880650,11,9,12
1999193262,0,4,22
3865378428,0,1,28
1999079562,2,0,0
5103831812,2,6,0
5070567592,1,5,10
3969595102,0,8,6
5067926809,1,0,2
3969592782,0,4,37
2859371852,1,6,7
2573010659,0,3,0
3865364299,0,4,16
3925803524,0,0,22
1999120383,0,10,38
5106272806,2,6,1
2234332050,2,5,11
2430416583,3,24,24
3820739903,0,3,34
3344427794,0,4,36
3898511062,2,5,13
3820615962,0,3,23
3798094147,0,2,8
5103868187,0,4,4
5106272739,1,7,15
3331183216,3,11,5
3969595051,1,5,13
2234331294,2,17,12
3865108372,1,4,13
1999082584,0,3,29
4067794454,2,1,22
5836321492,0,3,43
2452323625,1,1,9
4015459323,2,4,43
3865375349,0,8,9
3413164330,0,2,8
2430171223,2,3,11
2859091311,0,1,18
4102367469,3,1,33
2430170625,2,21,16
3969684005,0,3,27
3897880514,1,9,0
3344481226,2,10,4
SML_1998756598,1,20,47
2430535841,2,18,24
3865368296,0,1,0
5070543331,2,12,12
2430523096,1,12,48
2573068147,1,5,17
1999130593,0,2,0
3865094237,0,0,11
5011564466,0,2,21
3820741964,1,21,17
4081344375,3,8,24
2234331257,3,10,9
3709938001,10,17,27
2512769772,0,2,6
3978732636,1,8,29
2234332494,0,7,24
3344415221,5,9,2
2418029927,1,1,9
2989912328,0,10,32
4075454274,1,2,7
CDA-0003829,0,7,11
3969593812,1,4,8
3969864033,0,4,10
3865379346,0,1,24
5072730518,6,18,14
3865362265,0,1,1
SML_1999334166,1,8,13
SML_1999330575,0,6,27
2430444267,1,15,40
5070849634,3,0,55
3969592829,1,0,5
3897882354,3,2,3
3865363248,2,7,33
4088564482,1,3,9
3709852246,5,5,22
2234332601,6,8,33
3865109365,0,1,13
3865379350,0,0,2
4601577312,6,3,7
5067927808,1,2,1
3344415260,4,9,5
5070543327,1,1,12
3341236062,0,1,2
4433286375,2,3,18
3710019345,3,7,17
1999056718,0,0,16
5011564470,1,13,6
5068491372,0,12,20
5067924818,2,1,6
2512792002,4,5,28
5103607954,1,25,9
3820615959,2,13,17
5011564471,1,2,0
SML_1999312794,2,2,16
2234333416,1,4,16
4075454234,0,0,4
SML_5074461235,0,1,2
2573092565,0,0,26
2234331997,1,5,28
3344481231,0,5,9
3897880503,0,0,0
3969684012,0,9,24
3865093273,0,5,15
2430242716,0,2,1
CDA-0049115,3,15,3
5067927809,2,2,9
2573009443,0,5,8
1998918695,0,1,18
4433286374,0,1,21
3865363249,3,4,8
3897882355,0,1,2
3357383470,0,1,41
3865092209,1,3,2
1999357673,3,2,28
3865379351,1,10,9
3865109364,0,4,22
3496963488,2,0,12
4601577313,3,15,1
1998951838,0,1,6
3865362264,1,7,25
3344481266,1,11,14
1998882151,0,1,20
3344481323,1,6,28
3969778916,7,5,5
2234329735,0,8,29
3969592828,5,4,2
2234331893,5,9,22
2859111108,0,2,14
CDA-0003828,1,4,50
3969593813,0,6,9
5068501413,0,2,7
3865379347,0,1,11
5072730519,6,23,16
3969864032,0,0,4
3344481270,5,8,7
3406824040,0,4,46
5159149284,0,6,6
SML_1999000928,0,1,12
77908,0,8,16
3798074555,2,7,3
2234330502,2,8,14
3820613931,6,14,5
2859086857,0,0,3
3865094236,0,0,0
4426632361,0,3,1
5011564467,2,2,0
2234332354,1,3,15
3969691986,5,12,7
1999307169,0,0,3
2430260671,0,7,3
3969684004,1,14,28
3925803509,1,1,40
2234330806,4,9,3
2234331714,4,13,21
3969781021,2,9,11
2234332991,1,8,12
5070543330,0,5,0
3897882380,0,0,30
3865375348,0,1,5
3820611977,0,7,11
2573090470,0,3,25
2573521327,1,4,31
2234331446,0,1,15
3091277545,0,8,9
3331193610,0,0,0
4102367468,7,12,10
3344481319,1,1,7
3865108373,3,10,18
CDA-0059482,0,12,58
4067794455,1,8,5
5106274984,4,3,17
4015890749,1,13,22
5068043252,1,2,24
2234331411,4,3,0
3744713788,1,4,20
3969595050,3,9,10
2234330129,0,10,13
1999429440,2,6,26
3865364298,0,7,5
2430055274,3,7,11
3925803525,3,3,33
3331194244,0,0,0
2512772144,4,6,26
3969595103,2,9,15
4092881438,0,1,7
5067926808,1,3,9
3969592783,2,4,7
2859371853,0,4,9
3820738939,0,4,57
5068043244,2,14,28
1999137144,1,6,3
5068491426,1,9,33
3865104311,1,1,7
5067925818,1,3,8
3709930518,1,2,3
2430442799,1,3,14
5138119250,1,1,0
1998979892,2,6,25
3865096289,0,3,10
3091277553,1,9,26
3865378429,1,9,33
SML_1998789260,1,0,6
4088570116,2,8,15
2413154423,1,2,1
3897882379,7,4,12
3865374373,3,3,3
3496963332,0,6,3
SML_2575052218,0,1,0
2430449182,1,2,0
2825495297,2,4,16
3469990117,1,9,15
3865380406,0,0,5
4851194746,0,0,24
3496963345,4,22,5
5068461202,0,1,4
2234332088,0,0,48
4075454238,3,4,8
3470668808,3,5,3
4088570161,4,5,3
2234329914,1,8,22
2512761027,1,5,7
3820607987,0,22,23
2573101872,0,0,1
2234331098,1,5,9
5067924815,2,5,32
3865107321,0,3,5
2430552658,0,2,1
1998980193,2,1,2
2573494904,1,4,2
3925803544,0,3,15
3865362268,2,3,5
3969592824,1,3,1
2242465374,2,5,10
2234331309,0,1,13
3344481285,0,8,7
5067923811,0,1,66
1998604240,0,9,6
5103889408,7,5,5
2234331470,3,0,3
3897880734,2,1,7
3469834017,4,14,13
2234491251,1,1,1
5171830342,5,31,25
3897880671,9,6,6
5074461238,2,1,2
CDA-0003832,0,6,19
2452243672,2,0,12
2234309419,0,0,8
5103880296,0,0,40
3969864028,4,3,15
2573116026,1,3,21
5072733440,2,16,8
4912153305,0,8,27
4075454279,3,8,0
3865363253,0,2,17
3897880688,0,4,1
3865092213,0,0,6
1998844942,0,2,15
4601577309,3,9,41
1998667810,0,0,17
3969684008,0,4,1
2859370848,0,0,20
4101879462,4,14,18
5067927813,1,5,6
5070543296,1,6,6
1998612855,0,24,17
3820615943,1,7,30
2573491881,0,10,38
2234331061,1,4,7
3865377302,3,4,13
2430388402,0,4,25
2430037612,1,20,9
5072730542,1,13,52
3744713803,1,21,22
1999321755,4,6,15
2573522291,2,10,4
5103895387,2,10,3
3865375344,1,2,1
5068482928,0,8,37
3865096293,0,4,20
5072730539,2,18,29
3865094241,0,3,0
2859334852,1,7,1
4134266503,3,1,0
5103856826,1,3,0
3865364294,1,0,4
3820618824,1,7,41
1999280791,0,7,9
2515500059,0,0,6
5067926812,1,0,26
3744713784,1,0,18
5106272734,0,1,1
5103889465,0,3,25
4101885510,2,0,11
3331188457,1,4,9
5067925814,2,0,30
4102218533,1,12,41
3969778961,1,0,8
3091277621,3,5,19
3969781017,2,4,10
2859098605,0,0,0
3969795111,2,10,14
1998801349,1,2,23
5067939421,4,6,4
5074461243,0,1,4
2807518089,1,13,8
5068043248,0,0,49
3865101236,0,4,41
3496963410,1,6,0
3820738935,0,1,0
3744713792,0,11,4
2859373862,0,5,1
3865108369,0,1,15
2234329345,1,4,25
3865097247,0,10,6
3709848955,4,14,55
1998950073,0,0,26
2515436248,1,0,14
2989913332,2,15,6
3865096285,0,2,8
SML_3978755506,2,13,38
2992913303,0,11,19
5067915325,1,0,3
3865378425,0,4,6
2573522511,2,2,11
5011564406,1,3,4
2270489880,1,3,5
5070543329,0,2,3
3331181566,1,1,3
3709897885,6,9,1
2234332064,0,9,13
3865380405,0,1,5
SML_5083369513,1,2,10
5067924816,6,6,24
2413154142,1,25,16
SML_5198218870,0,0,14
3865107322,0,0,8
1999041745,0,3,3
3865380393,4,8,0
1998633167,1,3,30
3331186470,1,6,14
2430460223,2,13,8
5067923812,0,1,4
3969592827,1,7,0
5159117472,4,14,18
2514099464,1,0,12
3865376382,0,1,16
3925803547,6,11,2
2989940285,3,5,5
3865373303,0,3,20
CDA-0003831,0,4,2
2234328717,0,0,33
3865092206,1,8,10
3897880737,0,0,15
2573489909,0,1,20
3357380603,0,4,2
2859338848,2,10,5
SML_3749287346,2,12,25
3344481290,10,12,4
SML_1999235118,0,0,0
2430196006,1,7,17
3820748835,4,22,4
SML_1998850407,2,3,3
3496963491,3,8,1
3469882089,3,8,17
CDA-0003827,0,11,28
3865379348,0,0,12
SML_1998567797,0,2,15
4929697638,0,8,43
2573115035,3,4,2
3865363250,0,0,0
5103867657,2,18,18
4088570123,0,5,43
3865092210,0,0,8
5103607367,3,4,0
4101879461,1,1,1
5067927810,0,1,0
5070543295,0,2,0
1999180641,1,5,3
1999288224,0,1,7
3498205055,2,5,4
4912157312,3,11,23
3469833006,5,3,17
5103891216,2,1,2
5070836819,4,7,35
5072730541,3,4,13
1998595906,0,5,30
3865377301,0,12,10
3897880633,0,0,0
3709920254,6,20,38
3496963429,3,5,0
4912151100,2,7,1
3829914330,4,10,14
SML_5198161855,4,12,6
5011564468,1,2,0
3865094239,0,1,4
5103560761,5,21,1
4436959695,1,6,4
3344481316,0,5,10
1998677184,0,0,12
2234330872,2,16,22
SML_3978740087,0,2,20
3357380510,1,6,2
3744713800,0,0,47
2512754491,0,0,11
4102367467,4,7,7
2573103437,2,1,1
2430095358,0,8,12
3865094242,1,3,32
3865096290,0,0,1
3865375347,0,2,11
3344498475,0,0,8
2573011103,2,2,4
3865364297,2,6,19
5836322208,0,6,37
2430266010,2,26,19
3897882337,0,7,47
5103868189,4,9,3
5067926811,0,2,34
3865107318,1,4,4
4436954623,0,1,11
3709997118,2,18,6
2430455950,0,16,18
2859114104,4,7,3
2430080232,4,7,13
5103891693,0,1,4
5067925817,2,2,9
4102218530,2,15,40
3969778962,1,1,1
5068491429,0,0,2
2859373861,2,10,22
3969683961,0,0,0
4101885505,1,0,1
3865101235,0,0,2
2573103026,3,7,5
5103889470,0,0,0
2517114190,0,0,0
3820745010,0,5,34
3897880609,3,14,32
3695177078,0,1,4
3865097244,0,1,14
1998783458,1,7,20
2234331799,1,2,23
4856042859,2,11,24
SML_1999241263,1,1,11
5937711436,0,2,24
5103889427,0,10,3
2573071186,0,5,40
SML_2575051207,0,1,1
4075454240,1,2,11
2430197912,0,30,13
3865378426,1,5,8
1999280100,1,13,46
3865096286,0,1,3
2989915292,6,10,2
3496963433,3,17,36
4102209478,0,1,7
5011564472,0,11,22
2515352603,0,0,10
1999108852,5,8,14
5068491370,6,3,30
2234332087,1,10,31
1999004569,0,4,26
2234332438,1,8,6
3969684011,0,1,0
2512822233,0,0,24
3969864027,1,2,9
3865379352,0,0,21
SML_1999165525,0,0,5
5070653848,0,0,29
2234333291,0,0,26
3344481320,3,11,45
2859088734,0,10,10
3865362267,1,4,2
3865379344,0,3,9
3969864031,1,6,20
CDA-0035919,0,15,33
3897880668,1,10,1
2517128134,1,1,1
5106272740,0,2,7
2234332245,0,1,24
5103891758,1,1,1
CDA-0016146,2,6,4
2234330852,2,8,34
1999431458,1,6,22
1998640668,1,11,10
2630823347,0,2,1
5068491366,0,1,36
894984655,0,8,18
3709906690,1,4,18
2430439082,0,13,17
5103865261,3,9,2
4872674686,0,2,2
5070543299,6,19,40
1999055823,1,3,3
3969781022,0,4,1
1999258976,0,0,26
2234331347,1,4,7
3969684007,0,3,4
2234332584,0,0,25
2234330604,0,0,28
2234332639,0,0,12
3091277546,8,14,5
1999157341,3,7,16
4067794456,0,5,19
CDA-0059481,0,1,58
3865108370,7,3,1
4088570154,0,0,11
3331186446,0,7,19
2573521373,1,5,2
2234331042,0,4,8
4436957900,0,1,0
2573060735,0,0,3
5028847937,2,8,5
2573097498,9,4,5
4102035533,1,9,6
2989914285,4,12,7
3344415258,6,27,29
2265941363,0,0,0
4101885509,2,6,15
3344438249,0,1,7
2234331404,1,1,14
3969595100,0,6,12
2989917283,3,16,45
1999082601,2,9,6
2234331238,1,3,60
3820612925,1,8,47
YOSE109090,1,5,22
3357380418,3,9,11
5068491425,1,4,7
1999385607,1,4,5
3969781018,0,6,21
3091277550,1,7,7
3820615022,2,7,13
2430485486,4,10,56
5011564409,0,10,79
5072730520,7,14,8
3709986744,3,10,43
3820738982,1,15,46
2859083857,2,14,44
2573522772,0,0,0
3865108366,0,2,0
3496963331,5,12,5
1998980671,0,0,0
2234332156,2,7,57
1998596560,1,4,4
2234331794,2,7,3
3865097249,0,0,9
3865108367,5,2,2
5103834828,0,6,21
3865374371,0,0,10
2573522266,0,4,5
3091277551,1,4,7
3829914350,0,3,1
5011564408,1,2,0
5072730521,1,8,14
2234331517,3,3,8
2573487873,3,7,8
YOSE109091,0,1,0
3865104313,0,0,1
2430560567,0,0,71
3969781019,1,11,5
1998722120,0,2,7
1999049354,1,9,5
3969795109,4,16,15
SML_4527874197,1,5,8
5103890830,1,12,22
CDA-0043873,1,32,10
4102035532,3,2,3
4088570155,4,10,50
4929352608,2,7,15
3744713765,0,5,11
2430136343,0,6,28
5207750301,4,10,40
3746436858,5,7,5
4067794457,2,8,15
1999136716,3,6,3
3865374367,0,0,0
3865108371,0,0,5
5208943620,1,8,26
3897880700,1,9,5
SML_1998926984,0,2,4
1999321022,3,10,12
2234331501,2,5,23
2512767893,1,0,5
5070543332,1,0,1
3865368295,1,3,24
5070543298,5,33,14
5170655139,0,7,53
3969684006,0,1,13
SML_1998815368,0,2,0
3820608943,0,2,24
4976699544,5,12,43
2573012427,0,0,1
5103891759,3,6,24
2234331741,0,4,11
5067923809,0,2,56
2430373690,0,2,19
3969864030,0,0,15
3865379345,2,7,35
3496963536,2,20,3
SML_5072863701,3,8,17
4601577307,2,4,1
1998652068,2,5,0
2573486872,0,3,4
3344481321,7,8,6
4102018364,0,1,0
3865362266,2,1,19
CDA-0008773,3,27,44
4601577311,2,9,26
3865109366,1,1,3
1998621803,2,6,14
1998579906,0,2,36
YOSE65260,2,4,1
3344415263,4,10,27
2430116059,0,9,56
2992918306,2,2,9
3341236061,1,2,2
2430074907,0,9,26
SML_1998560767,3,2,17
2430435370,2,12,44
3820608955,0,5,30
3897880501,1,18,23
3709849798,2,12,42
3969684010,1,9,14
3978710990,0,2,9
1999360040,1,4,16
2234331429,2,5,23
4075454236,0,4,10
4102209479,0,1,12
2430481098,2,1,0
4102367470,1,0,2
3865378427,1,1,2
SML_5074461240,0,0,4
2992913301,1,3,0
3865375350,3,3,2
3865097245,0,6,16
2234331632,0,4,11
1999262411,1,2,1
3897880433,0,2,9
1998915528,0,0,51
2234331409,1,1,16
3744713790,2,4,11
2234333064,0,0,0
3969683960,0,1,0
5103622291,0,5,5
2859355401,0,6,9
3865101234,0,7,25
1998683916,1,4,3
3897880608,2,12,25
3820608975,1,3,10
3969795113,3,2,12
2234306003,0,1,0
3969781015,1,5,22
5067925816,0,0,5
3709848146,5,0,10
4102218531,2,12,14
5070543304,0,1,4
3969778963,1,1,2
5068491428,8,17,17
3798094148,0,6,25
3820736895,1,2,2
3897882336,2,5,4
3357383413,1,6,10
5106272736,0,12,15
3970670322,3,3,1
4075454345,1,0,7
5067926810,0,1,14
2234336765,0,5,4
3865107319,2,9,34
2573130244,0,0,5
SML_1998636867,0,2,1
5294112234,0,4,0
1998898180,0,2,14
3341236057,0,3,23
3865364296,0,4,9
2430274305,1,1,34
2234331366,4,7,6
SML_5198222848,4,2,1
4102367466,0,13,23
2859092861,0,2,16
2234332264,8,12,29
3865094243,0,2,0
5068501431,1,12,46
CDA-0012718,0,4,2
SML_1998881573,0,4,0
3865096291,0,0,3
2430549978,2,6,0
2573522440,2,7,4
3865375346,0,0,2
SML_3395813387,3,10,34
SML_5198185854,1,3,37
5103569111,0,4,12
2234333619,4,2,0
3344481317,4,25,28
2417979840,3,16,7
5886721746,0,3,0
5072730540,5,7,22
5070836818,2,22,13
5068491384,0,3,22
4010713829,0,5,11
2430343154,1,13,20
1998917651,0,5,25
2237844229,0,19,41
2573081214,0,0,0
4912151101,1,16,22
4912250315,0,1,18
5011564469,1,8,15
3829914331,3,8,33
2234331960,0,9,50
3865094238,3,4,0
CDA-0025105,0,2,37
1999289571,0,13,21
2573519157,0,6,48
5067927811,0,1,0
4101879460,1,2,24
5070543294,0,2,3
3820739865,2,20,21
3865368299,0,0,12
3865093284,0,1,0
3969778959,3,10,3
2989916276,8,13,1
3496963490,0,1,24
3897880665,3,5,10
2234331872,1,12,48
3865379349,0,17,8
3865363251,0,4,2
4088570122,0,0,2
3865092211,0,1,7
2573103733,2,2,9
3969592830,0,10,3
3344481291,0,5,7
2573092603,0,2,17
3886934600,0,1,18
3865373302,2,7,1
CDA-0003830,4,16,29
1999259444,3,7,24
1999263105,1,0,23
3496963486,1,8,26
2515370378,0,9,6
3469834015,3,10,24
3865363247,0,0,1
2859338849,0,0,3
5067923813,0,3,29
3344481287,3,12,7
3969592826,0,16,25
3357380481,0,3,49
3344414995,1,10,20
1999409580,3,18,56
77910,2,9,3
3865376383,0,1,10
4134270683,2,1,0
2859339864,1,2,0
5067924817,2,2,14
2573521651,2,7,21
3865107323,0,7,9
SML_3978704823,3,17,3
2234331833,0,13,48
4102209475,4,12,8
2234331075,2,12,29
2989938277,0,4,2
5070543328,2,8,13
1998649405,1,8,20
3341236082,0,0,3
3357380439,0,7,33
2573492885,1,16,4
3865380404,1,6,10
1998915734,0,0,1
3969593857,1,4,10
3865107328,0,1,7
3744713758,1,10,2
SML_5074461230,1,2,0
2265939251,1,2,9
2430536906,0,0,11
3865380399,0,4,6
3798094179,0,8,14
3820613922,2,15,1
2573493909,0,7,11
2859103258,0,12,19
2234329767,4,12,42
5070543323,1,4,18
3969795071,0,2,4
2573064526,1,8,15
3865093276,0,1,22
5106244009,4,14,45
3865109361,2,9,1
5106272300,4,9,39
4075454266,0,3,7
2430397750,1,5,1
5067923818,1,9,8
3865362261,1,10,18
3865376388,0,1,24
3357380465,0,5,23
2234332193,0,5,26
SML_1999016729,0,7,50
3820743009,0,4,15
3091277583,3,3,4
3865379342,0,1,1
894984604,0,8,10
2234581985,6,7,0
3865378416,0,0,16
2234331195,0,4,33
4075454270,2,3,21
1999163008,1,3,3
3344415225,3,6,3
2573085122,2,13,9
3865375336,0,0,17
3709855196,1,11,27
CDA-0019431,5,5,6
2430289894,0,2,0
3865094233,0,0,1
5068489029,1,13,6
5139303511,1,2,20
2234331341,0,3,25
2430391915,0,0,0
5070654919,1,6,40
2234330415,6,21,18
5106271845,0,3,9
4601577269,0,1,7
1998749994,0,7,17
3897880707,0,3,7
3469983163,3,2,9
3829914341,3,12,19
2273381323,5,11,32
2512866452,0,0,15
4067794450,2,8,30
2234330897,3,7,31
3865108376,0,0,0
3469988056,3,12,32
2516925454,0,0,2
SML_1999128077,0,3,2
2234332392,2,9,7
3865101229,0,2,7
2573114655,2,6,21
3744713762,2,7,37
3865379339,1,4,9
3897880496,8,19,27
5106272802,5,8,3
3344427790,0,9,32
4102035535,1,1,26
2512830336,1,3,38
1999303400,1,4,21
2234331814,4,1,17
5106279022,1,0,13
1998922892,0,0,0
2234331547,1,7,5
2859372846,5,6,8
5068027696,2,8,8
CDA-0047964,0,0,25
3744690045,2,0,0
2234330839,1,0,0
1999393385,1,2,29
3865104314,1,2,11
3820608929,0,0,39
1998790784,2,4,22
2859093851,0,1,35
3925803561,5,5,15
4910126197,3,4,7
3865374376,0,5,16
1999375402,0,0,28
2430249061,1,8,61
3897880438,2,17,15
5068489033,1,7,5
5070543285,0,1,6
2234332062,2,16,51
3865380403,0,2,15
2859087865,2,7,31
SML_5198193840,5,12,70
1999324495,3,15,17
3820742985,1,6,26
3344481238,0,0,0
5070880494,0,0,10
3865107324,0,1,4
5067924810,2,10,15
3870581939,3,8,12
2430443791,1,18,38
3865380395,0,1,9
1998941923,0,7,34
1998561890,0,2,0
4912304545,2,35,45
1999429074,4,7,2
5067923814,1,0,6
5103833276,8,13,14
2512758461,1,5,0
2859339863,1,5,15
3865376384,0,0,0
3344414992,4,13,23
2515493583,0,0,9
4101881491,8,11,2
1998673944,1,4,15
2565962075,1,5,7
CDA-0034482,1,6,28
2859335856,0,2,0
3865376392,0,0,3
2452251575,0,2,7
3969863984,1,6,28
3897880662,0,2,3
5068482901,3,7,4
CDA-0037168,1,5,7
4101881487,2,3,2
3865363256,0,0,12
3865092216,0,0,6
3897880727,0,0,9
3865104322,0,4,6
4101879467,2,4,38
5067927816,1,3,12
3865093283,1,3,3
2517371118,0,0,21
SML_1998602943,0,2,1
3865377307,0,1,3
3744714087,1,2,1
5103891139,1,0,4
1998589020,1,4,4
SML_1999117651,2,1,7
3344481255,2,8,21
2573069230,0,1,10
3709852018,2,4,7
3469984096,8,24,29
2234331766,3,8,3
3865094244,1,2,0
4088570109,6,11,15
3496963454,13,15,2
3897882366,1,3,14
1999085926,3,2,1
3865375341,4,7,0
3865109357,9,3,19
3865096296,0,0,0
1999019853,0,1,28
3865364291,0,3,26
3341236050,2,2,1
3897882331,0,0,0
2512791309,4,10,45
3357383414,0,2,20
3865101225,0,11,11
3897881458,1,0,45
3969593861,0,2,15
5074461250,1,1,0
5067926817,10,2,4
3969795114,7,0,2
3469835044,1,7,1
2234307615,2,4,12
3865104318,0,3,2
5067925811,0,1,5
3969778964,0,11,24
5070543303,1,14,26
2459168788,1,4,27
3469982046,1,6,29
2430138655,1,7,1
3865101233,0,7,6
5106272377,1,2,3
4092881431,0,2,27
2859102605,0,5,21
2859099103,2,5,13
3865097242,1,4,13
2859095120,0,2,13
3344481243,1,4,7
2430204411,1,13,15
SML_1999120723,3,7,5
5101172796,3,4,2
5106271625,6,10,5
3469986052,0,2,55
3709996871,6,16,26
2234333034,0,2,10
3897882370,1,5,10
3865378420,0,5,7
2992913306,1,4,22
3897882371,0,6,23
3865378421,3,3,31
2430432702,2,18,26
2514964427,1,6,16
2430423056,3,12,2
1998853240,2,2,25
SML_5074461246,1,5,9
3357380444,0,2,53
2573078965,0,3,2
4134270703,4,12,37
3865097243,0,4,21
SML_5198174851,0,4,30
3344481242,6,5,1
5106274975,2,2,1
2234331321,5,6,3
3865101232,1,4,6
3496963414,6,34,16
4912151097,1,4,3
1999395030,0,39,35
5081485329,0,1,16
2234329480,0,2,33
2234332366,5,12,14
3709905432,0,2,7
5103867451,0,0,18
3969795115,0,7,3
4102218537,0,1,1
3865104319,0,3,9
5067925810,4,3,2
3969778965,0,3,1
5070543302,2,7,15
3469982047,1,9,27
3744713780,6,14,36
3897882330,0,0,4
SML_1998870921,2,1,4
2234309165,0,7,3
2265940650,1,6,0
3865101224,5,17,55
3469884064,4,7,2
3820736893,3,12,12
3897881459,0,2,33
1999050539,1,0,29
2430367972,1,2,0
1999112582,0,7,29
1999192084,1,5,4
3969593860,1,6,17
5067926816,0,0,12
5067912299,1,0,3
2234330822,7,2,0
1998872730,3,12,5
2234308373,2,3,0
2512792123,1,2,33
5103602230,2,15,40
3897882367,4,5,7
3865375340,1,0,10
2430197515,2,6,3
3865096297,0,2,2
3428801686,0,3,3
3344481254,1,1,6
1999146808,0,16,32
2234330930,2,2,9
3357425421,1,0,13
2573088224,2,6,34
3865362256,0,0,6
2512774889,0,7,15
3865377306,0,5,6
2512775099,1,0,0
1998918058,3,15,21
1999202144,0,2,33
5103856859,2,5,2
4081344393,0,10,39
4010715017,2,10,4
5067927817,0,1,22
3865093282,0,8,4
2430299319,0,22,51
3820744000,0,7,6
1998952477,0,0,16
SML_1998605784,1,3,2
2234332425,1,10,30
2234330048,1,2,24
2270498412,2,4,43
3496963496,0,1,19
2515123578,1,0,0
3820752750,1,13,27
4101881486,1,1,1
3865092217,0,0,16
3469838026,0,0,45
3469987228,4,5,0
3344481297,0,6,4
3344415228,3,5,6
2859335857,2,2,17
2430411664,0,5,33
2515502332,1,0,67
4912153301,2,8,13
3969863985,3,25,11
4134270693,1,5,0
CDA-0020839,2,8,1
5068461197,1,1,0
3897880675,0,1,0
1999420891,0,1,21
3820743012,0,20,37
2573122212,6,10,17
3865373304,3,0,10
CDA-0018779,1,4,1
2234335067,2,0,16
3357380604,0,7,61
4101881490,1,1,25
2430462219,1,4,36
5067923815,0,6,8
2573072017,0,0,16
3865376385,2,4,28
2234330727,3,3,7
3357380346,0,9,44
2234331136,0,0,21
5070880495,2,16,18
3865107325,0,3,15
5067924811,3,2,3
3870581938,4,4,17
3496963438,2,3,0
5103867492,0,5,0
3865364300,0,1,4
1999394932,0,7,18
2573522647,1,8,37
3820739930,6,13,3
SML_1999417063,1,0,4
3865380402,0,0,17
3341236084,1,1,4
SML_5198172854,1,4,3
3820612001,0,12,10
2859087864,0,3,7
3865097238,0,5,29
SML_5198193841,1,6,8
2512848219,0,1,4
3344481239,3,7,4
2512767303,0,3,19
2430247838,4,14,17
2234332444,2,5,13
3865374377,0,4,19
5103580744,5,9,0
3897880710,0,0,4
2234331004,1,19,1
3897882392,0,6,12
2859372847,1,7,1
3344427787,1,1,6
CDA-0047965,1,12,24
3710063875,3,5,1
4436953682,1,8,15
3925803537,0,3,35
1086616831,2,8,14
2430273825,1,1,0
2234330091,0,0,34
3865104315,0,3,8
5106264754,0,1,0
3496963418,1,7,3
1999146280,0,4,24
2992909301,0,0,1
1998740219,0,36,47
5081485325,3,5,2
5070880620,1,0,7
3925803521,0,5,33
2234331679,0,4,28
2234329619,2,10,8
5106272803,2,2,1
3344427791,6,14,23
5067924348,1,7,15
3820616832,0,20,22
4102035534,2,0,16
2234333701,2,3,15
2234332239,5,9,10
5067911285,0,0,4
3865101228,2,6,6
2573080970,0,2,4
2989939285,3,1,16
2234331045,1,8,22
5139350332,2,5,2
2430175727,1,20,33
3357380370,1,8,27
1999321970,0,2,29
3469886110,1,8,12
77920,0,8,1
4067794451,0,0,16
2512859469,0,9,5
2234333243,6,6,3
3344481258,4,23,14
1998659177,1,10,13
3865108377,0,7,6
3469988057,3,14,23
3469836018,3,4,12
3829914340,2,4,25
5072730531,1,12,4
2989942289,0,1,29
3969780970,0,2,7
2234333687,2,8,0
2573060067,1,5,8
3357380425,0,2,3
3331193053,0,0,0
SML_1999131447,1,2,34
3897880511,0,2,6
3344481223,3,7,16
3357379779,3,2,1
5103891837,3,4,3
3865375337,2,0,5
3969595097,1,6,2
1999348469,3,3,27
3865094232,0,1,21
1998773778,1,5,17
2430394612,4,19,14
3469891138,3,4,16
4403306335,1,14,4
1999324573,1,9,15
3897880546,1,0,0
2859337866,0,2,3
3865379343,0,2,9
5068501417,0,3,0
2573096133,0,5,11
3820741936,2,4,0
3897882347,0,4,5
3710072566,0,0,0
5103867563,3,13,23
3865362260,0,8,22
3865376389,0,3,2
3357380464,0,0,1
3865109360,0,0,4
SML_1999264736,2,15,21
2234331497,2,4,20
3820745963,2,10,28
3357383024,0,6,29
4075454267,0,0,4
4872674697,1,0,0
3969795070,1,11,26
3897880442,0,0,14
3820742967,1,16,13
3091277605,2,22,13
SML_1998723521,0,3,3
3344481235,2,12,22
4101886532,3,4,4
3865093277,0,1,10
3969593856,0,12,3
3865107329,0,1,0
5070880499,0,0,16
2512864403,0,5,6
SML_1999401292,0,4,1
2430470506,1,3,18
3865380398,0,5,13
3820738012,0,7,22
2573055850,1,4,5
2430096142,0,2,14
3496963434,2,13,4
